0.000000000000000000e+00
3.883211678832117286e+01
7.766423357664234572e+01
1.164963503649634902e+02
1.553284671532846914e+02
1.941605839416058359e+02
2.329927007299269803e+02
2.718248175182480963e+02
3.106569343065693829e+02
3.494890510948904989e+02
3.883211678832116718e+02
4.271532846715328446e+02
4.659854014598539607e+02
5.048175182481751904e+02
5.436496350364961927e+02
5.824817518248174792e+02
6.213138686131387658e+02
6.601459854014597113e+02
6.989781021897809978e+02
7.378102189781020570e+02
7.766423357664233436e+02
8.154744525547445164e+02
8.543065693430656893e+02
8.931386861313867485e+02
9.319708029197079213e+02
9.708029197080290942e+02
1.009635036496350381e+03
1.048467153284671667e+03
1.087299270072992385e+03
1.126131386861313786e+03
1.164963503649634958e+03
1.203795620437956131e+03
1.242627737226277532e+03
1.281459854014598250e+03
1.320291970802919423e+03
1.359124087591240823e+03
1.397956204379561996e+03
1.436788321167883169e+03
1.475620437956204114e+03
1.514452554744525287e+03
1.553284671532846687e+03
1.592116788321167633e+03
1.630948905109489033e+03
1.669781021897809978e+03
1.708613138686131379e+03
1.747445255474452324e+03
1.786277372262773497e+03
1.825109489051094897e+03
1.863941605839415843e+03
1.902773722627737243e+03
1.941605839416058188e+03
